245200, 246199 
256409, 257408 
254835, 255834 
258030, 259029 
255225, 256224 
246180, 247179 
253622, 254621 
240608, 241607 
250792, 251791 
248569, 249568 
248760, 249759 
253575, 254574 
247695, 248694 
248653, 249652 
251746, 252745 
241875, 242874 
256633, 257632 
248120, 249119 
250848, 251847 
256348, 257347 
255749, 256748 
251857, 252856 
262257, 263256 
260249, 261248 
252760, 253759 
248594, 249593 
249816, 250815 
253322, 254321 
249316, 250315 
251377, 252376 
260371, 261370 
250781, 251780 
254219, 255218 
249652, 250651 
253073, 254072 
257037, 258036 
259778, 260777 
248020, 249019 
249985, 250984 
253938, 254937 
246397, 247396 
249567, 250566 
248308, 249307 
243272, 244271 
252307, 253306 
247715, 248714 
254145, 255144 
251831, 252830 
252057, 253056 
251572, 252571 
243862, 244861 
251202, 252201 
249124, 250123 
247121, 248120 
260392, 261391 
252385, 253384 
255732, 256731 
250006, 251005 
252859, 253858 
246135, 247134 
251899, 252898 
245405, 246404 
253810, 254809 
248576, 249575 
249913, 250912 
247927, 248926 
244519, 245518 
243477, 244476 
241971, 242970 
251610, 252609 
247743, 248742 
247731, 248730 
251915, 252914 
252318, 253317 
254204, 255203 
252869, 253868 
251785, 252784 
241436, 242435 
245917, 246916 
246553, 247552 
243104, 244103 
257166, 258165 
251650, 252649 
247543, 248542 
252395, 253394 
245539, 246538 
242869, 243868 
243214, 244213 
245563, 246562 
255286, 256285 
249094, 250093 
247225, 248224 
248257, 249256 
249313, 250312 
250720, 251719 
241900, 242899 
252010, 253009 
247595, 248594 
244856, 245855 
254039, 255038 
