25266865, 25276864 
25169098, 25179097 
25108829, 25118828 
24741274, 24751273 
25062466, 25072465 
24829258, 24839257 
24984278, 24994277 
24898835, 24908834 
24946598, 24956597 
25163750, 25173749 
24735932, 24745931 
24736107, 24746106 
25219660, 25229659 
25050935, 25060934 
24974034, 24984033 
24997644, 25007643 
25159598, 25169597 
25081151, 25091150 
24877906, 24887905 
24623982, 24633981 
24763458, 24773457 
25199089, 25209088 
25071196, 25081195 
24659683, 24669682 
24845561, 24855560 
25312513, 25322512 
25012039, 25022038 
25051390, 25061389 
25294707, 25304706 
24922771, 24932770 
25071943, 25081942 
25151100, 25161099 
25314560, 25324559 
25068944, 25078943 
24711243, 24721242 
25220440, 25230439 
25232224, 25242223 
24959707, 24969706 
24757576, 24767575 
24997188, 25007187 
24692207, 24702206 
25047100, 25057099 
24957650, 24967649 
24948838, 24958837 
25192662, 25202661 
25112032, 25122031 
24659649, 24669648 
24844092, 24854091 
24984808, 24994807 
25061646, 25071645 
24835980, 24845979 
24967924, 24977923 
25030056, 25040055 
24906198, 24916197 
24881536, 24891535 
25172574, 25182573 
25138371, 25148370 
25155563, 25165562 
24926007, 24936006 
24829957, 24839956 
25005378, 25015377 
24922856, 24932855 
25094276, 25104275 
25123491, 25133490 
25122652, 25132651 
24953138, 24963137 
24695814, 24705813 
25045233, 25055232 
24771030, 24781029 
25257991, 25267990 
24774135, 24784134 
25190723, 25200722 
24958711, 24968710 
24782304, 24792303 
25010693, 25020692 
25266206, 25276205 
25234914, 25244913 
25024574, 25034573 
24888196, 24898195 
25020898, 25030897 
24834637, 24844636 
25041053, 25051052 
24954352, 24964351 
24976751, 24986750 
24924841, 24934840 
24992712, 25002711 
25009731, 25019730 
24776524, 24786523 
25228417, 25238416 
25002278, 25012277 
25108667, 25118666 
24906328, 24916327 
25332094, 25342093 
24746750, 24756749 
25117252, 25127251 
25232896, 25242895 
24978612, 24988611 
25031258, 25041257 
25334487, 25344486 
25000439, 25010438 
