-1798205698, -1798105699 
-1785921893, -1785821894 
-1790509468, -1790409469 
-1792351015, -1792251016 
-1801830800, -1801730801 
-1806684498, -1806584499 
-1790526810, -1790426811 
-1798203751, -1798103752 
-1799211894, -1799111895 
-1789887858, -1789787859 
-1792154005, -1792054006 
-1798295411, -1798195412 
-1793954941, -1793854942 
-1801084150, -1800984151 
-1792672825, -1792572826 
-1786915377, -1786815378 
-1798963998, -1798863999 
-1795475610, -1795375611 
-1795643132, -1795543133 
-1790703378, -1790603379 
-1799266510, -1799166511 
-1788718364, -1788618365 
-1797701727, -1797601728 
-1796130724, -1796030725 
-1792705090, -1792605091 
-1797138049, -1797038050 
-1798059186, -1797959187 
-1795663281, -1795563282 
-1801563363, -1801463364 
-1794324684, -1794224685 
-1793036190, -1792936191 
-1799878642, -1799778643 
-1785180936, -1785080937 
-1793542510, -1793442511 
-1795545469, -1795445470 
-1804564002, -1804464003 
-1801382898, -1801282899 
-1792754126, -1792654127 
-1799921717, -1799821718 
-1790000285, -1789900286 
-1788811596, -1788711597 
-1783610003, -1783510004 
-1790351937, -1790251938 
-1790505022, -1790405023 
-1791249890, -1791149891 
-1796833729, -1796733730 
-1802018662, -1801918663 
-1799890070, -1799790071 
-1793419286, -1793319287 
-1793079957, -1792979958 
-1781472531, -1781372532 
-1797669796, -1797569797 
-1799444896, -1799344897 
-1793733020, -1793633021 
-1800113773, -1800013774 
-1812361422, -1812261423 
-1792932811, -1792832812 
-1802013728, -1801913729 
-1800015014, -1799915015 
-1788152640, -1788052641 
-1784829559, -1784729560 
-1796227001, -1796127002 
-1796889341, -1796789342 
-1783477685, -1783377686 
-1792445608, -1792345609 
-1796036067, -1795936068 
-1785794022, -1785694023 
-1793001538, -1792901539 
-1798238888, -1798138889 
-1798730800, -1798630801 
-1793813724, -1793713725 
-1799024469, -1798924470 
-1793185580, -1793085581 
-1794279467, -1794179468 
-1790261203, -1790161204 
-1783884322, -1783784323 
-1794250600, -1794150601 
-1793434599, -1793334600 
-1799704484, -1799604485 
-1792577293, -1792477294 
-1797745997, -1797645998 
-1797482824, -1797382825 
-1792832762, -1792732763 
-1800259776, -1800159777 
-1803090662, -1802990663 
-1798148105, -1798048106 
-1792282014, -1792182015 
-1804185804, -1804085805 
-1796043852, -1795943853 
-1799395234, -1799295235 
-1805098646, -1804998647 
-1796953968, -1796853969 
-1797207957, -1797107958 
-1793814869, -1793714870 
-1798785524, -1798685525 
-1794166501, -1794066502 
-1798251383, -1798151384 
-1803972175, -1803872176 
-1792724898, -1792624899 
-1792498749, -1792398750 
