99391436, 99411435 
99338810, 99358809 
100237372, 100257371 
99632243, 99652242 
100258196, 100278195 
99782341, 99802340 
99397128, 99417127 
101087469, 101107468 
99974408, 99994407 
99755818, 99775817 
100126671, 100146670 
99822473, 99842472 
100099815, 100119814 
100502180, 100522179 
99881600, 99901599 
100115701, 100135700 
100213656, 100233655 
100223973, 100243972 
100082628, 100102627 
100294950, 100314949 
99393943, 99413942 
100216900, 100236899 
100943231, 100963230 
99720267, 99740266 
100330550, 100350549 
99779038, 99799037 
100505785, 100525784 
100002429, 100022428 
99356117, 99376116 
99558525, 99578524 
99879169, 99899168 
99492883, 99512882 
99929299, 99949298 
99436773, 99456772 
98930597, 98950596 
100369079, 100389078 
100215282, 100235281 
100611998, 100631997 
100415536, 100435535 
99931687, 99951686 
101079009, 101099008 
100719651, 100739650 
100024106, 100044105 
99576617, 99596616 
99346041, 99366040 
100264474, 100284473 
100367366, 100387365 
100460108, 100480107 
99558044, 99578043 
99502919, 99522918 
99795453, 99815452 
99109200, 99129199 
99216698, 99236697 
99800062, 99820061 
100174446, 100194445 
99724852, 99744851 
99169236, 99189235 
100017993, 100037992 
100125114, 100145113 
99863135, 99883134 
99867505, 99887504 
99996303, 100016302 
100240004, 100260003 
101428450, 101448449 
99981047, 100001046 
100083079, 100103078 
99439221, 99459220 
100154726, 100174725 
100623558, 100643557 
100171246, 100191245 
99624647, 99644646 
98918429, 98938428 
99385227, 99405226 
100058798, 100078797 
99715571, 99735570 
99727154, 99747153 
100146928, 100166927 
100230166, 100250165 
99793232, 99813231 
99681873, 99701872 
99206539, 99226538 
99834109, 99854108 
99715074, 99735073 
99618220, 99638219 
99687673, 99707672 
100264249, 100284248 
101038754, 101058753 
99809093, 99829092 
100084217, 100104216 
100919484, 100939483 
100447774, 100467773 
100418023, 100438022 
100203019, 100223018 
99083708, 99103707 
100420991, 100440990 
99854358, 99874357 
100558672, 100578671 
99178778, 99198777 
99676538, 99696537 
99613849, 99633848 
