979686, 981685 
993000, 994999 
990158, 992157 
1005201, 1007200 
1027519, 1029518 
1012130, 1014129 
1011762, 1013761 
991615, 993614 
1003084, 1005083 
1002049, 1004048 
981566, 983565 
976298, 978297 
991129, 993128 
997027, 999026 
990440, 992439 
977984, 979983 
980618, 982617 
1025543, 1027542 
992691, 994690 
984678, 986677 
978839, 980838 
982298, 984297 
991762, 993761 
985965, 987964 
984624, 986623 
994778, 996777 
1009297, 1011296 
1016636, 1018635 
983306, 985305 
1016438, 1018437 
994153, 996152 
1005584, 1007583 
1007146, 1009145 
1002495, 1004494 
1011836, 1013835 
987122, 989121 
1019943, 1021942 
971259, 973258 
1019332, 1021331 
1019328, 1021327 
1012041, 1014040 
1000058, 1002057 
996545, 998544 
996444, 998443 
999629, 1001628 
993855, 995854 
1013010, 1015009 
1009637, 1011636 
1029765, 1031764 
977547, 979546 
994383, 996382 
1000341, 1002340 
992874, 994873 
996632, 998631 
987426, 989425 
995978, 997977 
995672, 997671 
1018522, 1020521 
1000091, 1002090 
1005642, 1007641 
991394, 993393 
987639, 989638 
1030063, 1032062 
999582, 1001581 
1016366, 1018365 
989186, 991185 
993814, 995813 
977063, 979062 
997109, 999108 
997078, 999077 
1014444, 1016443 
1003420, 1005419 
993615, 995614 
993510, 995509 
1010335, 1012334 
1010641, 1012640 
1013238, 1015237 
988679, 990678 
979941, 981940 
984728, 986727 
1003968, 1005967 
1014687, 1016686 
995534, 997533 
974339, 976338 
993899, 995898 
987125, 989124 
1001245, 1003244 
996879, 998878 
993535, 995534 
1017551, 1019550 
1022564, 1024563 
1000280, 1002279 
999392, 1001391 
998781, 1000780 
975639, 977638 
1003517, 1005516 
981876, 983875 
1021659, 1023658 
991657, 993656 
978524, 980523 
