625666520, 625716519 
626171286, 626221285 
625284759, 625334758 
627231728, 627281727 
626915115, 626965114 
628095884, 628145883 
627169685, 627219684 
623700027, 623750026 
627221777, 627271776 
624605083, 624655082 
623630494, 623680493 
625053703, 625103702 
625056364, 625106363 
622848066, 622898065 
626881212, 626931211 
624284216, 624334215 
628130384, 628180383 
621161123, 621211122 
624687113, 624737112 
626528703, 626578702 
627798782, 627848781 
624399922, 624449921 
625994152, 626044151 
621870645, 621920644 
625338943, 625388942 
623951913, 624001912 
620119756, 620169755 
624309960, 624359959 
625864204, 625914203 
622703084, 622753083 
624643444, 624693443 
624814084, 624864083 
625604012, 625654011 
622683596, 622733595 
626163172, 626213171 
626014035, 626064034 
626604152, 626654151 
624019152, 624069151 
625335899, 625385898 
620697117, 620747116 
625936077, 625986076 
624261466, 624311465 
624877072, 624927071 
626013920, 626063919 
625117966, 625167965 
626255882, 626305881 
624697005, 624747004 
626217779, 626267778 
621099534, 621149533 
626259207, 626309206 
623694073, 623744072 
625403831, 625453830 
622734038, 622784037 
626824534, 626874533 
628084697, 628134696 
626914908, 626964907 
622462857, 622512856 
621936745, 621986744 
623586473, 623636472 
622249614, 622299613 
627964477, 628014476 
620425295, 620475294 
622238657, 622288656 
620771929, 620821928 
628178981, 628228980 
628813666, 628863665 
620935886, 620985885 
621215120, 621265119 
623599242, 623649241 
625386244, 625436243 
626113022, 626163021 
623538676, 623588675 
627735398, 627785397 
622520241, 622570240 
624230472, 624280471 
625365157, 625415156 
625601287, 625651286 
627999280, 628049279 
625382872, 625432871 
625114459, 625164458 
622660508, 622710507 
625672304, 625722303 
622353224, 622403223 
625482202, 625532201 
626141196, 626191195 
623557986, 623607985 
623760019, 623810018 
625248983, 625298982 
623912030, 623962029 
624589018, 624639017 
622865287, 622915286 
625652458, 625702457 
627149031, 627199030 
626977654, 627027653 
623955625, 624005624 
621947162, 621997161 
625356182, 625406181 
625345670, 625395669 
624161026, 624211025 
623333523, 623383522 
