6306072, 6311071 
6172060, 6177059 
6297379, 6302378 
6309284, 6314283 
6244944, 6249943 
6207433, 6212432 
6218800, 6223799 
6191861, 6196860 
6255560, 6260559 
6206086, 6211085 
6249724, 6254723 
6160189, 6165188 
6242752, 6247751 
6264359, 6269358 
6117960, 6122959 
6229562, 6234561 
6237020, 6242019 
6320664, 6325663 
6264334, 6269333 
6273835, 6278834 
6216061, 6221060 
6297557, 6302556 
6218111, 6223110 
6231590, 6236589 
6217612, 6222611 
6257759, 6262758 
6176819, 6181818 
6230377, 6235376 
6244618, 6249617 
6299010, 6304009 
6351310, 6356309 
6286628, 6291627 
6287331, 6292330 
6289282, 6294281 
6162054, 6167053 
6201129, 6206128 
6251186, 6256185 
6218118, 6223117 
6211831, 6216830 
6214238, 6219237 
6224582, 6229581 
6201413, 6206412 
6283314, 6288313 
6175259, 6180258 
6222287, 6227286 
6307218, 6312217 
6266198, 6271197 
6240101, 6245100 
6323061, 6328060 
6374478, 6379477 
6213762, 6218761 
6277241, 6282240 
6275600, 6280599 
6227837, 6232836 
6232565, 6237564 
6225973, 6230972 
6252639, 6257638 
6275702, 6280701 
6286462, 6291461 
6191245, 6196244 
6201982, 6206981 
6170822, 6175821 
6166010, 6171009 
6267557, 6272556 
6289794, 6294793 
6205381, 6210380 
6251610, 6256609 
6298545, 6303544 
6246991, 6251990 
6294681, 6299680 
6250320, 6255319 
6229392, 6234391 
6243188, 6248187 
6257530, 6262529 
6311388, 6316387 
6271904, 6276903 
6279833, 6284832 
6197650, 6202649 
6266806, 6271805 
6242087, 6247086 
6286681, 6291680 
6316648, 6321647 
6215532, 6220531 
6259312, 6264311 
6227616, 6232615 
6301495, 6306494 
6341097, 6346096 
6259017, 6264016 
6194985, 6199984 
6219909, 6224908 
6170882, 6175881 
6325989, 6330988 
6260035, 6265034 
6224352, 6229351 
6319943, 6324942 
6281354, 6286353 
6274856, 6279855 
6254019, 6259018 
6259032, 6264031 
6226399, 6231398 
